#	100
-0.005638	0.063478	-0.058477	-0.321653	0.557058	0.470014	0.010000
-0.160803	0.131420	-0.014737	-0.177228	-0.939731	-0.299990	0.010000
0.131780	0.194253	-0.119253	-0.076304	-0.019733	0.030428	0.010000
-0.086987	0.370064	-0.130112	0.077421	-0.466515	0.176285	0.010000
-0.179246	0.285954	-0.202089	0.323446	-0.822154	0.234746	0.010000
0.088001	0.138848	0.125678	-0.054547	0.086446	-0.184265	0.010000
-0.096135	0.195729	0.152117	0.033650	-0.024601	-0.092719	0.010000
-0.263207	0.118081	0.043446	-0.024236	-0.230682	-0.409940	0.010000
-0.185779	-0.010926	-0.216562	0.067468	-0.106792	-0.158726	0.010000
0.163013	0.024963	0.074921	0.585099	-0.711793	-0.331680	0.010000
-0.160394	0.274561	-0.343914	-0.439735	0.038141	-0.694597	0.010000
0.090937	0.111442	-0.368728	-0.110856	0.045633	-0.073827	0.010000
0.037490	-0.114425	0.062284	-0.572780	0.004652	0.630832	0.010000
0.048230	0.143919	-0.419733	0.090083	0.648956	0.267738	0.010000
0.146359	0.427835	0.098263	0.427906	0.811461	-0.072550	0.010000
-0.061473	-0.112443	-0.300070	0.053371	-0.621004	-0.209950	0.010000
-0.282333	0.145403	0.188459	-0.042974	0.002395	0.011738	0.010000
-0.016157	-0.209291	-0.141090	0.016158	-0.011967	-0.082482	0.010000
0.237108	0.173963	0.218039	0.042743	-0.011512	0.011227	0.010000
0.142426	0.545737	-0.161383	0.053042	-0.091136	-0.160535	0.010000
-0.394969	-0.021438	-0.127602	-0.010957	0.063965	-0.081310	0.010000
0.279363	-0.121452	-0.150707	0.012501	-0.271895	0.619957	0.010000
0.133480	0.010857	-0.461449	0.573822	-0.399674	-0.412102	0.010000
-0.459434	0.185055	-0.235859	0.101035	0.032424	-0.151590	0.010000
-0.304316	-0.112842	0.149507	-0.077962	0.162023	0.045136	0.010000
-0.194416	-0.004646	0.315555	0.219882	-0.049143	-0.037226	0.010000
-0.121370	-0.291021	-0.127919	0.112508	-0.047390	-0.052129	0.010000
0.237857	-0.202149	0.077232	-0.695468	0.064310	-0.301021	0.010000
-0.138878	-0.271840	0.112268	-0.040503	0.021748	0.120256	0.010000
-0.342963	-0.189750	-0.262838	-0.020241	0.783028	-0.288909	0.010000
-0.049251	0.473188	0.348207	0.370216	0.285566	0.612113	0.010000
-0.468147	-0.113147	-0.165353	0.259018	0.598573	0.205414	0.010000
0.000940	0.119630	0.461911	0.035975	-0.224432	-0.359960	0.010000
-0.172481	-0.156744	0.338469	0.183018	0.543406	-0.641419	0.010000
-0.195518	0.719113	-0.138357	-0.516687	-0.005995	-0.633208	0.010000
-0.093532	0.599120	0.305738	0.459927	-0.631721	0.022734	0.010000
0.196213	0.661126	0.161782	-0.316121	-0.263631	0.401807	0.010000
-0.100735	-0.257405	-0.488371	0.119252	-0.059263	0.009620	0.010000
0.279335	-0.331511	-0.233681	-0.512918	0.401723	0.202063	0.010000
-0.063723	0.784470	-0.219300	-0.005326	0.075117	-0.007303	0.010000
-0.355435	0.337651	0.431782	-0.370583	-0.611026	0.345800	0.010000
0.326130	0.717713	-0.067426	0.214196	0.718148	-0.059627	0.010000
0.282779	-0.391317	0.013181	0.282391	-0.037645	-0.110012	0.010000
0.235172	0.482248	-0.612951	0.472187	0.388209	0.242146	0.010000
0.554915	0.364220	-0.386098	0.099953	0.322119	-0.190397	0.010000
0.362815	0.440549	-0.588859	-0.026279	-0.076370	0.000406	0.010000
0.424525	0.330024	0.438127	0.002947	-0.046705	-0.057863	0.010000
-0.422224	-0.070176	0.462132	0.138218	0.209353	-0.020938	0.010000
-0.565764	-0.318947	-0.121372	-0.044868	-0.005182	0.021207	0.010000
-0.171812	0.719298	-0.567200	0.127040	-0.269010	0.058904	0.010000
-0.043058	0.461432	0.620330	-0.152232	0.427736	-0.460480	0.010000
-0.494677	-0.219156	0.379499	0.002012	-0.084661	-0.083277	0.010000
-0.336555	0.878715	0.070583	-0.005848	0.008333	0.088907	0.010000
-0.087804	-0.554803	0.226735	0.198442	-0.113071	-0.054724	0.010000
-0.236113	-0.429471	-0.589841	0.013527	-0.014566	-0.036095	0.010000
-0.704125	0.663053	-0.114484	0.464296	0.081764	0.408939	0.010000
0.267489	0.896693	-0.394965	0.013862	-0.015499	-0.030644	0.010000
-0.392205	0.738218	0.468919	-0.176177	0.446005	-0.192868	0.010000
0.349316	0.751856	0.470758	-0.309346	0.241794	0.291525	0.010000
-0.608916	-0.000118	-0.745989	0.448467	-0.227152	0.271981	0.010000
-0.484335	0.193636	-0.874556	0.149360	-0.324815	-0.287201	0.010000
0.853748	0.151555	-0.376427	-0.384784	-0.263640	-0.567103	0.010000
0.099516	-0.624621	-0.576639	-0.562327	0.096006	-0.158409	0.010000
0.482992	-0.403287	-0.651345	-0.478116	-0.431517	0.082423	0.010000
-0.947944	-0.049247	-0.371601	0.004091	-0.049859	0.070567	0.010000
-0.778685	0.106623	-0.753960	0.095664	0.012820	-0.034526	0.010000
-0.683218	-0.589006	0.155132	-0.340072	-0.215899	-0.362067	0.010000
1.018039	0.145812	-0.036184	-0.017569	-0.035793	-0.044857	0.010000
-0.633692	-0.467473	0.514293	-0.602171	0.239062	0.016921	0.010000
0.416036	0.029434	-1.085029	-0.573647	-0.150826	0.181045	0.010000
1.029493	-0.167832	-0.033622	0.145668	-0.686345	0.025016	0.010000
-0.062052	0.855300	-1.019283	-0.395756	0.277707	0.147060	0.010000
-0.872051	-0.635198	-0.211928	-0.056497	-0.117413	0.004450	0.010000
-0.808080	-0.438268	0.620469	0.197440	0.534263	0.117701	0.010000
-0.572011	-0.912824	-0.313450	0.418504	-0.357233	-0.374110	0.010000
-0.947635	0.488822	0.753915	-0.066891	0.288218	0.263767	0.010000
0.991553	-0.569944	0.268306	0.435165	-0.158225	0.193345	0.010000
-0.674581	-0.452730	-1.050751	-0.058469	0.350285	0.268904	0.010000
-0.798429	-0.601991	0.724831	0.034649	0.017379	0.112409	0.010000
-0.859753	-0.943085	0.023033	0.538252	0.235739	-0.168442	0.010000
-1.368822	0.741365	-0.073323	0.462774	0.086802	0.327405	0.010000
-0.004903	-0.990348	-1.025979	-0.066188	-0.024472	0.175469	0.010000
-0.481558	-1.206627	-0.581672	-0.089897	0.151406	-0.092633	0.010000
0.410798	-1.087454	-0.928457	-0.081301	0.221080	-0.379950	0.010000
0.531588	-1.256620	0.596799	0.056962	0.018063	0.068193	0.010000
0.933716	1.286807	0.791317	0.232763	-0.122235	0.436367	0.010000
-1.375237	-0.641200	0.792344	0.055246	-0.101850	-0.028168	0.010000
-1.697684	-0.770263	-0.185604	0.163666	0.003287	-0.044162	0.010000
0.497659	2.023825	0.531008	-0.135720	0.044241	-0.081927	0.010000
-0.962096	1.802947	-0.917040	-0.025518	-0.106035	0.023935	0.010000
0.896431	-1.057315	-1.556261	0.372129	0.164259	0.189098	0.010000
-1.145721	-0.762362	-1.900193	-0.282853	0.349414	0.121323	0.010000
0.706152	0.201132	2.213204	-0.335240	0.060614	-0.038116	0.010000
-2.061368	0.387122	1.521942	0.024197	0.238757	0.342568	0.010000
2.406094	1.785554	-0.749739	-0.307224	0.037027	0.260619	0.010000
2.760650	0.300110	-1.947241	0.060551	-0.196689	0.226693	0.010000
-0.404029	2.550862	3.087089	0.014939	-0.068055	0.044331	0.010000
2.922562	-1.040581	2.672928	-0.111160	-0.348725	0.087417	0.010000
-3.195923	-4.420637	0.655194	-0.102193	-0.222097	0.137967	0.010000
8.863684	-3.136856	3.759329	0.018320	-0.003143	-0.030879	0.010000
